The following best individual has scored a fitness of: 29.422139
array([ 0.02778195,  0.9251198 , -0.88657006,  0.68948941, -0.37128223,
        0.14325068,  0.74287068,  0.8820566 , -0.62262026, -0.01679243,
       -0.62262467,  0.37057911, -0.31539153, -1.05864277, -0.42206137,
        0.73140872,  0.99541126,  0.28066848,  0.59066923, -0.65375482,
       -0.32743106,  0.30245999, -0.89532748,  0.45184677, -0.50274923,
       -0.14202506,  0.1944481 , -0.68930106,  0.92701453, -0.22880084,
       -0.74518208,  0.08618281, -0.29080363,  0.79675409,  0.11207077,
        0.90513337,  0.33423844,  0.65216871, -0.35741823,  0.82093768,
        0.59804279,  0.30414269,  0.08943134, -0.93762739,  0.40677839,
        0.72590986,  0.76971037,  0.0980777 , -0.1056428 , -0.54653452,
        0.30075481, -0.71519692, -0.68879401, -0.21604687, -0.24548442,
        0.04906273,  0.93841102,  0.43043458,  0.71969875,  0.2305326 ,
       -0.25828237, -0.06050542,  0.15809783,  0.91254599, -0.83673948,
       -0.93532122, -0.78980721, -0.17187961,  0.35885366,  0.15435608,
        0.87852453,  0.4295563 ,  0.61093656,  0.28086427, -0.64513308,
        0.59355331,  0.50109702, -0.49405466,  0.83120715, -0.7908121 ,
        0.36440198,  0.32657773, -0.46324915,  0.90836368, -0.12306023,
       -0.31441978, -0.32731727, -0.39137542,  0.27689624, -0.36625394,
       -0.61464103, -0.84120101, -0.16106251,  0.16297303,  0.69525699,
       -0.41539804,  0.89936602, -0.73206236, -0.32732663, -0.59384404,
        0.79072527, -0.13755556,  0.95249422,  0.58785494, -0.01558656,
        0.51786713, -0.38462397,  0.41204829,  0.90188989,  0.72253568,
        0.5587498 ,  1.06529906, -0.06616849,  0.31768388, -0.76442731,
        0.56840071,  0.417279  , -0.90674996,  1.06361411, -0.88226972,
        0.22679929,  0.70966367, -0.29078705, -0.51221726,  0.37026653,
       -0.63831747,  0.51216528, -0.65733918,  0.13738663,  0.15956088,
       -0.84931435, -0.76905492, -0.72851489,  0.00890855, -0.42409425,
        0.25968907,  0.31416036,  0.29593538,  0.29135164, -0.21199862,
       -0.81858262,  0.92076133,  0.02930455, -0.6508354 , -0.40656705,
       -0.19040054, -0.01187019, -0.65612362,  0.21353259,  0.75497224,
       -0.33340045,  0.04251661,  0.00572713,  0.20893246,  0.99224249,
       -0.81856808, -1.07136855,  0.38082828, -0.83092428,  0.30808599,
        0.5010406 ,  0.87985349,  0.73664128, -0.68510664,  0.08845416,
       -0.87137103,  0.53240428,  0.0210605 ,  1.00427705,  0.76488037,
       -0.22915257, -0.68333037, -0.09235359,  0.70063697,  0.43101543,
       -0.66137971, -0.85608521, -0.51298666, -0.45436879, -0.8370599 ,
       -0.2439418 , -0.23839147,  0.69975868, -0.18819988,  0.55309967,
       -0.07892465, -0.05200969,  0.70365586,  0.01910423,  0.67697437,
        0.44466009, -0.12130814,  0.31372815, -0.94043111,  0.589958  ,
        0.75225094, -0.6101001 ,  0.13127741,  0.46675194,  0.55624481,
       -1.02689089, -0.71796471, -0.405248  , -0.30490142,  0.16568192,
        0.22149534, -0.68084754,  0.06823094,  0.50906417,  0.35117146,
        0.29360153,  0.11432683,  0.4336756 , -0.52320547,  0.82747181,
        0.88561164,  0.53587305,  0.4348518 , -0.46818344, -0.65458126,
        0.76283262,  0.90163029, -0.42935137, -0.61845231, -0.78171135,
       -0.59146442,  0.09666022,  0.52700958,  0.65341213,  0.13239366,
       -0.52010498,  0.3424841 ,  0.3173738 ,  0.25316462, -0.26459325,
       -0.60202674,  0.50025423, -0.34605293,  0.43291766,  0.02498882,
       -0.77197216,  0.01277334, -0.46491431, -0.37535095,  0.89710226,
       -0.00927325, -0.19799677,  0.27976803,  0.22919659, -0.60195084,
        0.01304986,  0.51593565, -0.61541592, -0.15952262, -0.63131247,
       -0.29373088,  0.30596002, -0.60959111,  0.35233407, -0.21820635,
       -0.93438598,  0.44077705,  0.43428653,  0.52480882,  0.45763546])