The following best individual has scored a fitness of: 88.58901301948917
[-0.1251382  -0.97147248 -0.26625428 -0.98537218 -0.30741323 -0.83399213
  0.0235607  -0.12670036 -0.48791592  0.88050749 -0.32174276  0.21689721
 -0.84864823  0.04032622 -0.96140384 -0.02814391  0.75474152  0.60111971
 -0.12738409 -0.52951171  0.60556595 -0.90490722  0.811002    0.56843379
  0.68380567 -0.12529627 -0.68308528 -0.78449869  0.64268984 -0.22671366
  0.97865772  0.24088656 -0.1452913   0.33446239 -0.69254603 -0.00495882
 -0.69940437 -0.12887694  0.34381361 -0.99363332 -0.37087685  0.49266965
 -0.56483404 -0.70362057  0.35182986 -0.78623137 -0.22785275  0.84446532
  0.02257799  0.4581738   0.35488025  0.04219598  0.04464571  0.97822586
  0.85670919 -0.41733104  0.77001675 -0.0181998   0.47898225 -0.09924188
  0.09956411  0.97585792  0.95755205 -0.45880596  0.72193474  0.0639401
  0.94723889 -0.17892283 -0.59189741  0.16404318  0.25502249 -0.61624216
 -0.57309569 -0.94415002  0.2376939  -0.32409691 -0.44192735 -0.25511162
 -0.79137633 -0.81054264 -0.15944568  0.58962356  0.86313412  0.36871948
  0.86349081  0.57471487 -0.32012711 -0.62501467 -0.49637107 -0.44740367
 -0.34625925  0.79536076  0.07917559 -0.72886839  0.61384591  0.67951827
 -0.4789293  -0.00495781  0.06481556  0.0566411   0.61130728  0.18547082
 -0.64669401  0.22998688 -0.47655638  0.55306295  0.14016654  0.04452548
 -0.14655422 -0.97054038 -0.51155618 -0.25086125  0.58118232  0.42121945
  0.02117519 -0.56044008  0.46167661  0.04151556 -0.95008941 -0.35888627
  0.98693281  0.79050801  0.54073217 -0.81345686 -0.05219881  0.44595837
  0.00719305  0.42830817 -0.51143882 -0.42359847 -0.16822507  0.3136846
  0.10210089  0.75456248  0.85672532  0.3122244   0.91519299  0.26357347
  0.45796247 -0.77608927 -0.09277974 -0.82372375 -0.07372779 -0.32092487
  0.03401024  0.39064492  0.03210735  0.23301152 -0.4734536   0.19416382
 -0.02920432 -0.78576116  0.99277376 -0.08721486  0.69181447  0.23832929
 -0.92578015 -0.08129152 -0.84341147 -0.75314713  0.15057557 -0.2997003
 -0.02600807  0.53060765 -0.11236601 -0.32436972  0.98458653  0.54399787
 -0.03852754 -0.50786664  0.9636177  -0.2147491   0.9357407  -0.53582418
 -0.7426331   0.16802053  0.50426901 -0.06328006  0.96243546 -0.33618802
 -0.21265229  0.01364915  0.11421504  0.16153591  0.23746477  0.04257613
  0.09547796 -0.47417751 -0.09846489 -0.92375184 -0.45703484  0.14682323
  0.54487396 -0.29058925 -0.65002849  0.63599753  0.71854281 -0.28829659
  0.14446983 -0.67964379  0.70322694  0.77395255  0.42145155 -0.83448869
 -0.79638368 -0.52103627 -0.96690551  0.56407813 -0.59403589 -0.88304286
 -0.8326212   0.64596494 -0.16991504 -0.60846598 -0.15016982 -0.37846617
 -0.79111925  0.15807939  0.81837434  0.71646086  0.70436446  0.05188646
 -0.76617842  0.76903823 -0.47934436 -0.97821288  0.00542424 -0.21596241
  0.58615263 -0.1760003   0.62233482  0.91934056  0.09316881  0.28008116
 -0.46294577  0.89503019 -0.57088619  0.11690768  0.09971098 -0.90713245
  0.44387046 -0.49069101 -0.94604922 -0.74362107  0.4297955   0.08462201
  0.419828    0.85605496 -0.04904461 -0.8395539  -0.11508909 -0.60294583
 -0.85910738 -0.71289274  0.83069618 -0.81314689  0.04489477 -0.41786147
  0.51791704 -0.7431046   0.05495988  0.01728932 -0.73174426  0.10183721
 -0.57147832]