8.000473214866625771e-01
-9.683278100247207920e-01
-5.794432791465489174e-01
-9.575513007254077280e-02
-5.933984466308024341e-01
2.407914981807552923e-01
1.440080638477492236e-02
2.600694850697071736e-01
2.644197966011858636e-01
-7.810629737421970198e-01
-3.983249718114092452e-01
2.647887287100032516e-01
8.951843088389472847e-01
9.951401970111728446e-01
-5.392133465230339873e-01
-9.460588691376643489e-01
8.613567174309610941e-01
-9.227329746685262180e-01
3.554581595087220602e-01
9.968076031208443766e-01
5.578845692607183882e-01
-6.443528384694223732e-01
7.234589167783755936e-01
-2.332644406601194209e-01
7.069036925589606835e-01
-5.556083925620942665e-01
-6.420958017734601508e-01
-2.759089504653478020e-01
-6.655153521446897091e-01
-3.884154512871984544e-02
4.960209047947012895e-01
-6.471728505575415902e-01
9.484945354616118873e-01
7.550142052137178705e-01
-3.574332865736851161e-01
7.327004865913759879e-01
4.900758704582079961e-01
-4.427524229834891578e-01
-3.838141625702795601e-01
8.267107953271588539e-01
6.091955533554798130e-01
-4.581715932436014604e-01
-3.288896760828619037e-02
6.694911782426526958e-01
-5.722723942777729889e-01
7.225535846520463323e-01
5.019556598505876543e-01
-4.028810919779146626e-01
-9.449642499597594725e-01
5.972741993953660788e-01
-5.266927858653247529e-01
-4.514226075081695377e-01
-8.904881893653042724e-01
-8.380912507301019332e-01
-4.075073790509575744e-02
9.509757283712676479e-01
8.490173635462581192e-01
4.834170686342755818e-01
-5.736127017331413835e-01
9.250342369951189969e-01
4.938855941597286581e-02
1.970178989983302209e-01
-9.035045915898760605e-01
-2.807824306751065535e-01
-5.680142653045345824e-01
-8.842069061281709885e-02
7.132346908107713990e-01
-3.531917133485440452e-02
8.585953774288390683e-01
1.231323622000777274e-01
3.455961424882656452e-01
-2.503367863736412069e-01
-2.355201908127568800e-01
-7.615062189785004598e-01
5.382788294116460648e-01
-9.847120600788152878e-01
-3.919197979410240507e-01
-9.661683069298354631e-02
-8.738572954425183337e-01
2.813761119019453361e-02
7.699208438673352806e-01
-8.313076747947729661e-01
-9.207917520986570459e-01
-2.579756628702478682e-01
4.010025512741803855e-01
6.943114997988555359e-01
1.578134194911107180e-02
3.861337146434860035e-01
1.995338232582259952e-01
1.961676048867209143e-01
4.516980188203196800e-01
-8.686981850221957568e-01
9.165948160661483435e-01
-4.590524040098975522e-01
-5.246716869441754305e-01
3.643695362632737300e-02
-1.716103732674252313e-01
-2.382338763896953981e-01
-4.302582003814954259e-01
9.051109356492308411e-01
1.328018908244739116e-01
4.930990688876657480e-01
-5.316283179983170015e-01
-2.217399373465078760e-01
9.666762186476907104e-02
-5.870346037481013468e-01
2.212741931642199233e-01
-2.718516641289556723e-01
-1.950887237904324056e-01
-2.304138243239044481e-01
-8.356040320888549200e-01
8.586959074818230064e-01
3.503771734188576570e-01
3.560201164879683855e-01
2.994432999654093042e-01
-3.205923232934813072e-01
-6.247996660211787567e-01
3.145763235833831661e-01
-4.199059234505633231e-01
-7.021628454611927861e-01
3.925298527871154963e-01
-1.408837349227543001e-01
-2.601445252405165665e-01
8.797689225598042118e-01
-1.469389014716704356e-01
1.115180452954367407e-01
-3.051401401869213714e-02
9.042183517328865605e-01
-1.023875437106531727e-01
-2.319082615893901522e-01
-3.859573917039105240e-02
-3.266192482888263804e-01
8.071573893921839549e-01
-7.963211279942437049e-01
-9.104302246306692492e-01
-9.460561849176774007e-01
4.129741760559832997e-01
-5.790945805963896298e-01
5.779802308212922402e-01
9.083698062092944170e-01
2.744362053299398418e-02
-8.335432925013768202e-01
3.963533202119675636e-01
-9.404179453383776366e-01
-8.982711619418195514e-01
-4.343029999376344374e-01
3.670826259022110793e-01
3.755672443512401149e-01
-7.437718869085598872e-01
6.890760083448708162e-01
-2.402134958826021016e-01
7.308890606462559170e-01
4.979785687362636715e-02
-6.322764075351110513e-01
-8.762954090521590800e-01
4.892838030898394308e-02
-3.326000484438429439e-02
8.756017843401278089e-01
-8.075910221857851568e-01
3.193187552604164203e-01
-2.894716053124415378e-01
-3.364009983104683243e-01
-8.482353057784510764e-01
-7.308290753169091047e-01
1.632070919652841567e-01
-6.913537447734843244e-01
1.203437873161599114e-01
6.096336731580140889e-01
3.533225079958597359e-01
1.021784266625846982e-02
-8.840219876847064118e-01
-1.704494267868916779e-01
6.589421457658153347e-01
-6.769552065136434926e-01
-5.550159416514666155e-02
1.367292258794170490e-01
-7.353937689289251622e-01
-1.246259896187247307e-01
-6.798363462706837890e-01
6.580899184077548814e-01
-7.303652271464511347e-01
3.686302738902922371e-01
-8.643864396099765202e-02
-4.692532875909849466e-01
4.206942256093577637e-01
-4.595961544387701103e-01
9.019161089608911386e-01
7.961942726306350249e-01
2.847301949671972032e-01
4.560933249374796716e-01
-2.071485295274644312e-01
5.260287674117807288e-01
-3.645814924305883498e-01
-4.551309267000771541e-01
7.204316192913053918e-01
7.903779157874950556e-01
9.614619979467928790e-01
-8.155931908636544492e-01
5.207117226659776499e-01
-3.427267695774804945e-01
-3.976015104404837519e-01
1.152789356349870342e-01
-7.724528681907383287e-01
-2.261455247233001842e-02
-8.275112996545257449e-01
-8.097710894944920579e-01
-9.046949104630430671e-01
-2.356152856966264864e-01
-4.650107675723613720e-01
9.962690235131723693e-01
6.125105950146789713e-01
4.047945435331357089e-01
-4.910619478983015984e-01
3.023447069489071382e-02
-1.662130346269385939e-05
-9.561120639922542352e-01
-4.664551995338610535e-01
-1.747991495701448628e-01
2.388523827546953360e-01
4.260467479910674538e-01
-4.020766354962947986e-01
3.343304982116435120e-02
3.581813756417271399e-01
-7.587521543650777023e-01
-4.276726772495460516e-01
-2.793282103662775295e-01
1.755010452021497080e-01
4.819153924655550369e-02
-7.976448485531384414e-02
-6.510278330086660681e-02
8.877419956932264267e-01
-2.228619312059139101e-01
3.789768785659828332e-01
-7.713650931283351220e-01
-6.467434910951910254e-01
4.481067201277313394e-01
9.954651676890846623e-02
-1.371573192044002187e-01
3.267251060368823179e-01
4.689320834628414314e-01
2.323638864030548312e-01
9.846172759482039183e-01
-2.194961943055468989e-01
-7.443926395631645931e-01
3.832332128378921343e-01
-1.219539373034044250e-01
-7.284773234160191180e-02
8.638919889687310949e-01
7.835963842759712250e-01
9.433641746140719597e-02
3.996513675011057476e-01
-5.373715296354557580e-01
7.145830426628343446e-01
2.036591015114976866e-01
-6.448960465610504844e-01
2.055411457421105759e-01
-9.553323236642028427e-01
-1.579192058854588243e-01
8.933298288622386618e-01
7.864071294590841976e-01
-5.504797933835718915e-01
-4.752234771822805293e-01
8.999241798103132517e-01
-4.397803576224992295e-01
6.367593538766185279e-01
